# 622 
64 232
64 231
64 230
64 229
63 228
63 227
62 226
62 225
62 224
61 223
61 222
60 221
60 220
59 219
59 218
59 217
59 216
58 215
58 214
58 213
57 212
57 211
57 210
57 209
57 208
57 207
57 206
56 205
56 204
57 203
57 202
57 201
57 200
57 199
58 198
58 197
58 196
59 195
60 194
61 194
62 193
63 192
64 191
65 191
66 191
67 190
68 190
69 190
70 190
71 190
72 189
73 189
74 189
75 189
76 189
77 189
78 189
79 189
80 189
81 189
82 189
83 189
84 189
85 189
86 189
87 190
88 190
89 190
90 190
91 190
92 190
93 191
94 191
95 191
96 192
97 193
98 194
99 194
99 195
100 196
101 197
101 198
101 199
100 200
100 201
100 202
100 203
100 204
100 205
99 206
99 207
99 208
99 209
98 210
98 211
98 212
98 213
97 214
97 215
97 216
97 217
97 218
96 219
96 220
96 221
96 222
95 223
95 224
95 225
95 226
94 227
94 228
94 229
94 230
94 231
94 232
94 233
95 234
96 235
97 235
98 235
99 235
100 235
101 236
102 237
103 238
104 238
105 239
106 240
107 241
108 241
109 242
110 243
111 244
112 244
113 245
114 246
115 247
116 248
117 249
118 250
118 251
119 252
120 253
120 254
121 255
122 255
123 256
124 257
125 257
125 258
126 259
127 260
127 261
128 262
129 263
130 264
130 265
131 266
132 267
132 268
133 269
134 270
134 271
135 272
135 273
136 274
136 275
137 276
137 277
138 278
139 279
139 280
140 281
140 282
141 283
141 284
141 285
142 286
142 287
142 288
143 289
143 290
144 291
144 292
144 293
145 294
145 295
145 296
146 297
146 298
146 299
146 300
146 301
147 302
147 303
147 304
147 305
147 306
147 307
147 308
147 309
148 310
148 311
148 312
148 313
149 314
149 315
149 316
149 317
149 318
149 319
149 320
149 321
149 322
149 323
149 324
149 325
149 326
150 327
150 328
150 329
150 330
150 331
150 332
150 333
150 334
150 335
150 336
150 337
150 338
150 339
150 340
151 341
151 342
151 343
151 344
151 345
151 346
150 347
150 348
150 349
150 350
150 351
150 352
150 353
150 354
150 355
150 356
150 357
150 358
149 359
149 360
149 361
149 362
149 363
148 364
148 365
148 366
147 367
147 368
147 369
146 370
146 371
146 372
145 373
145 374
145 375
144 376
144 377
144 378
143 379
143 380
142 381
142 382
141 383
141 384
140 385
139 386
139 387
139 388
138 389
137 390
136 391
135 392
134 393
133 394
132 395
132 396
131 396
130 397
129 398
128 399
127 400
126 400
125 401
126 402
127 402
128 402
129 401
130 401
131 401
132 402
133 402
134 402
135 402
136 402
137 402
137 403
136 404
135 404
134 405
133 405
132 406
131 407
130 407
129 407
128 408
127 408
126 408
125 409
124 409
123 409
122 410
121 410
120 411
119 412
118 413
117 414
117 415
116 416
116 417
115 418
114 419
114 420
113 421
112 422
111 423
110 424
109 425
109 426
108 427
107 428
106 429
105 430
105 431
104 432
103 433
102 434
101 435
100 436
100 437
99 437
98 438
98 439
97 440
96 441
95 442
95 443
94 444
93 445
93 446
92 446
91 447
91 448
90 449
89 449
88 449
87 449
86 450
85 451
84 451
83 451
82 451
81 450
80 450
79 449
78 449
77 448
77 447
76 446
75 446
75 445
74 444
73 443
73 442
72 441
71 440
71 439
70 438
70 437
69 436
69 435
68 434
67 434
66 434
65 434
64 434
63 434
62 434
61 433
60 433
59 433
58 433
57 433
56 432
55 432
54 431
53 430
52 429
51 429
51 428
50 427
49 426
48 426
48 425
47 424
46 423
45 422
44 422
43 421
43 420
42 419
41 418
40 417
40 416
39 415
38 414
38 413
37 412
36 411
36 410
35 409
34 408
34 407
33 406
33 405
32 404
32 403
31 402
31 401
30 400
30 399
29 398
29 397
29 396
28 395
28 394
28 393
27 392
27 391
26 390
26 389
25 388
25 387
25 386
24 385
24 384
24 383
23 382
23 381
23 380
23 379
22 378
22 377
22 376
22 375
21 374
21 373
21 372
21 371
21 370
20 369
20 368
20 367
20 366
19 365
19 364
19 363
19 362
18 361
18 360
18 359
18 358
18 357
18 356
17 355
17 354
17 353
17 352
17 351
17 350
17 349
16 348
16 347
16 346
16 345
16 344
16 343
16 342
16 341
15 340
15 339
15 338
15 337
15 336
15 335
15 334
15 333
15 332
15 331
15 330
15 329
15 328
15 327
15 326
15 325
15 324
15 323
15 322
15 321
15 320
15 319
15 318
15 317
15 316
15 315
15 314
15 313
15 312
15 311
15 310
15 309
15 308
15 307
16 306
16 305
16 304
16 303
16 302
16 301
16 300
16 299
17 298
17 297
17 296
17 295
17 294
18 293
18 292
18 291
18 290
19 289
19 288
20 287
20 286
20 285
20 284
21 283
21 282
21 281
22 280
22 279
23 278
23 277
24 276
24 275
25 274
25 273
25 272
26 271
26 270
27 269
28 268
28 267
29 266
29 265
30 264
30 263
31 262
31 261
32 260
33 259
33 258
34 257
35 256
36 255
37 254
38 253
38 252
39 252
40 251
40 250
41 249
42 248
43 247
44 246
45 245
46 244
47 244
48 243
48 242
49 241
50 241
51 240
52 239
53 238
54 238
55 238
56 237
57 237
58 237
59 236
60 236
61 236
62 236
63 236
64 237
65 236
65 235
65 234
65 233
